1800    29
1801    29
1802    29
1803    29
1804    29
1805    29
1806    29
1807    29
1808    29
1809    30
1810    30
1811    30
1812    30
1813    30
1814    30
1815    30
1816    30
1817    30
1818    31
1819    31
1820    31
1821    31
1822    31
1823    31
1824    32
1825    32
1826    32
1827    32
1828    32
1829    33
1830    33
1831    33
1832    33
1833    33
1834    33
1835    34
1836    34
1837    34
1838    34
1839    34
1840    34
1841    35
1842    35
1843    35
1844    35
1845    35
1846    35
1847    35
1848    36
1849    36
1850    36
1851    36
1852    36
1853    36
1854    36
1855    36
1856    36
1857    36
1858    37
1859    37
1860    37
1861    37
1862    37
1863    37
1864    37
1865    37
1866    37
1867    37
1868    38
1869    38
1870    38
1871    38
1872    38
1873    38
1874    38
1875    38
1876    38
1877    38
1878    38
1879    38
1880    38
1881    38
1882    38
1883    39
1884    39
1885    39
1886    39
1887    39
1888    39
1889    39
1890    39
1891    39
1892    39
1893    39
1894    39
1895    39
1896    39
1897    39
1898    39
1899    40
1900    40
1901    40
1902    40
1903    40
1904    40
1905    40
1906    40
1907    40
1908    40
1909    40
1910    40
1911    40
1912    40
1913    39
1914    39
1915    39
1916    39
1917    38
1918    38
1919    38
1920    38
1921    38
1922    38
1923    39
1924    39
1925    39
1926    39
1927    40
1928    40
1929    40
1930    40
1931    40
1932    40
1933    40
1934    40
1935    40
1936    40
1937    40
1938    40
1939    40
1940    40
1941    40
1942    40
1943    40
1944    40
1945    40
1946    41
1947    41
1948    41
1949    41
1950    41
1951    42
1952    42
1953    42
1954    43
1955    43
1956    43
1957    44
1958    44
1959    45
1960    45
1961    46
1962    46
1963    47
1964    48
1965    48
1966    49
1967    49
1968    50
1969    50
1970    50
1971    51
1972    51
1973    52
1974    52
1975    52
1976    53
1977    53
1978    53
1979    53
1980    53
1981    54
1982    54
1983    54
1984    55
1985    55
1986    55
1987    55
1988    56
1989    56
1990    56
1991    56
1992    57
1993    57
1994    57
1995    57
1996    58
1997    58
1998    58
1999    58
2000    59
2001    59
2002    59
2003    60
2004    60
2005    61
2006    61
2007    61
2008    62
2009    62
2010    62
2011    63
2012    63
2013    63
2014    64
2015    64
2016    64
2017    64
2018    65
2019    65
2020    65
2021    65
2022    65
2023    65
2024    65
2025    66
2026    66
2027    66
2028    66
2029    66
2030    66
2031    66
2032    66
2033    67
2034    67
2035    67
2036    67
2037    67
2038    67
2039    67
2040    67
2041    67
2042    67
2043    67
2044    67
2045    67
2046    67
2047    67
2048    67
2049    67
2050    67
2051    67
2052    67
2053    67
2054    67
2055    67
2056    67
2057    67
2058    67
2059    67
2060    67
2061    67
2062    67
2063    66
2064    66
2065    66
2066    66
2067    66
2068    66
2069    66
2070    66
2071    66
2072    66
2073    66
2074    66
2075    66
2076    66
2077    66
2078    66
2079    66
2080    66
2081    66
2082    66
2083    66
2084    66
2085    66
2086    66
2087    66
2088    66
2089    66
2090    65
2091    65
2092    65
2093    65
2094    65
2095    65
2096    65
2097    65
2098    65
2099    65
2100    65
